Tabulated Molar Extinction Coefficient for Hemoglobin in Water

These values for the molar extinction coefficient e in [cm-1/(moles/liter)] were compiled by Scott Prahl (scott.prahl@oit.edu) using data from

W. B. Gratzer, Med. Res. Council Labs, Holly Hill, London
N. Kollias, Wellman Laboratories, Harvard Medical School, Boston

To convert this data to absorbance A, multiply by the molar concentration and the pathlength. For example, if x is the number of grams per liter
and a 1 cm cuvette is being used, then the absorbance is given by

        (e) [(1/cm)/(moles/liter)] (x) [g/liter] (1) [cm]
  A =  ---------------------------------------------------
                          64,500 [g/mole]

using 64,500 as the gram molecular weight of hemoglobin.

To convert this data to absorption coefficient in (cm-1), multiply by the molar concentration and 2.303,

µa = (2.303) e (x g/liter)/(64,500 g Hb/mole)

where x is the number of grams per liter. A typical value of x for whole blood is x=150 g Hb/liter.

lambda	µa HbO2	µa Hb	Hb02	Hb
nm	cm-1	cm-1	cm-1/M	cm-1/M
250	568.3161302	603.7930419	106112	112736
252	565.3168744	603.7930419	105552	112736
254	576.6069302	603.7930419	107660	112736
256	588.0041023	609.6201674	109788	113824
258	604.9070512	616.1328372	112944	115040
260	623.2882047	622.8597395	116376	116296
262	643.7045674	629.6509116	120188	117564
264	666.3275256	636.6777395	124412	118876
266	689.2718326	643.8116837	128696	120208
268	712.6660279	650.9670512	133064	121544
270	728.754893	658.1224186	136068	122880
272	734.9890605	659.2792744	137232	123096
274	741.2874977	653.1522233	138408	121952
276	736.0173767	647.0251721	137424	120808
278	727.4266512	641.8407442	135820	119840
280	706.6246698	636.6563163	131936	118872
282	684.0445581	629.9936837	127720	117628
284	654.9089302	614.9545581	122280	114820
286	623.9951721	599.8940093	116508	112008
288	581.0201209	573.821907	108484	107140
290	561.0322233	526.8192837	104752	98364
292	529.8828093	490.7853674	98936	91636
294	472.0400186	459.6359535	88136	85820
296	424.8017395	412.9332558	79316	77100
298	379.6415163	371.9291442	70884	69444
300	353.3337581	345.1286512	65972	64440
302	338.5302884	328.3113953	63208	61300
304	331.803386	315.0718233	61952	58828
306	333.9457116	304.7886605	62352	56908
308	336.6450419	308.602	62856	57620
310	339.3015256	316.8285302	63352	59156
312	353.3337581	333.388707	65972	62248
314	369.6368558	349.970307	69016	65344
316	387.7823535	365.8663628	72404	68312
318	404.5567628	381.3768	75536	71208
320	421.7810605	399.050986	78752	74508
322	440.5478326	419.2745395	82256	78284
324	460.4500372	439.498093	85972	82060
326	480.9306698	458.4148279	89796	85592
328	502.2039628	474.0752279	93768	88516
330	522.2561302	486.6078326	97512	90856
332	540.7444	499.119014	100964	93192
334	554.3481674	511.6516186	103504	95532
336	562.1890791	534.467386	104968	99792
338	570.137107	559.5540186	106452	104476
340	577.8066326	580.9558512	107884	108472
342	584.1050698	594.4739256	109060	110996
344	589.6322698	608.0134233	110092	113524
346	583.955107	621.5529209	109032	116052
348	578.342214	636.0136186	107984	118752
350	570.8012279	653.9020372	106576	122092
352	562.5746977	671.8118791	105040	125436
354	555.3764837	689.7002977	103696	128776
356	543.9793116	707.6101395	101568	132120
358	523.9485674	715.7081302	97828	133632
360	507.4312372	722.7135349	94744	134940
362	494.0631256	728.6263535	92248	136044
364	481.1449023	733.5965488	89836	136972
366	473.9038419	738.5667442	88484	137900
368	468.6979907	743.6869023	87512	138856
370	472.2542512	749.6425674	88176	139968
372	490.5497116	755.6196558	91592	141084
374	509.5521395	761.5753209	95140	142196
376	529.8828093	767.5524093	98936	143312
378	553.9625488	773.5080744	103432	144424
380	586.8044	777.8355721	109564	145232
382	626.4588465	777.8355721	116968	145232
384	671.726186	796.2381488	125420	148668
386	723.7418512	824.302614	135132	153908
388	793.1960465	854.4879814	148100	159544
390	898.4270791	898.5984651	167748	167780
392	1016.21214	964.0679349	189740	180004
394	1135.753907	1025.852605	212060	191540
396	1240.470781	1082.53854	231612	202124
398	1330.405609	1139.245898	248404	212712
400	1425.88906	1195.931833	266232	223296
402	1522.250865	1264.978986	284224	236188
404	1653.42546	1356.99187	308716	253368
406	1897.072149	1449.004753	354208	270548
408	2261.867349	1539.025274	422320	287356
410	2500.308186	1627.931786	466840	303956
412	2678.97814	1721.058679	500200	321344
414	2807.94614	1834.880437	524280	342596
416	2795.092186	1948.702195	521880	363848
418	2761.029209	2065.630326	515520	385680
420	2572.718791	2182.815535	480360	407560
422	2313.06893	2302.357302	431880	429880
424	2015.050019	2470.101395	376236	461200
426	1746.166735	2580.645395	326032	481840
428	1516.2952	2682.40586	283112	500840
430	1317.915851	2831.083256	246072	528600
432	1146.786884	2957.266233	214120	552160
434	885.4874326	2957.266233	165332	552160
436	711.3592093	2929.844465	132820	547040
438	638.0916744	2686.262047	119140	501560
440	549.3993953	2213.450791	102580	413280
442	496.9124186	1945.44586	92780	363240
444	436.1989116	1514.217144	81444	282724
446	408.7771442	1270.527609	76324	237224
448	359.0751907	928.2696744	67044	173320
450	336.4308093	553.2127349	62816	103292
452	315.2646326	335.488186	58864	62640
454	286.8145488	193.7197907	53552	36170
456	265.0913674	164.4170614	49496	30698.8
458	254.3797395	138.6427423	47496	25886.4
460	238.2266047	125.2660614	44480	23388.8
462	221.3022326	111.8893805	41320	20891.2
464	213.1999572	103.1572614	39807.2	19260.8
466	198.5571619	97.16731907	37073.2	18142.4
468	186.7615172	91.18594605	34870.8	17025.6
470	177.8622967	86.53067256	33209.2	16156.4
472	169.3508372	81.99751163	31620	15310
474	161.2828391	80.5964307	30113.6	15048.4
476	154.5195172	79.22748465	28850.8	14792.8
478	148.4524512	78.50123628	27718	14657.2
480	142.6210409	77.92709302	26629.2	14550
482	137.6529879	79.7009386	25701.6	14881.2
484	134.8615377	81.47478419	25180.4	15212.4
486	132.1257879	83.24862977	24669.6	15543.6
488	129.4757312	85.14673023	24174.8	15898
490	126.84924	89.3564	23684.4	16684
492	123.6486056	93.56392744	23086.8	17469.6
494	120.2787274	97.77359721	22457.6	18255.6
496	117.0266772	101.9811247	21850.4	19041.2
498	113.8646047	106.5335665	21260	19891.2
500	112.1121823	111.7329907	20932.8	20862
502	110.3104865	116.9324149	20596.4	21832.8
504	109.3550093	122.1318391	20418	22803.6
506	106.8270651	127.3312633	19946	23774.4
508	107.0948558	132.5306874	19996	24745.2
510	107.3048037	138.0386065	20035.2	25773.6
512	107.9217935	144.2684893	20150.4	26936.8
514	109.4149944	150.4983721	20429.2	28100
516	112.4806623	156.7282549	21001.6	29263.2
518	120.5572298	162.9581377	22509.6	30426.4
520	129.6235516	169.1880205	24202.4	31589.6
522	141.6634214	175.9449153	26450.4	32851.2
524	156.7603898	184.227146	29269.2	34397.6
526	174.0446726	192.5093767	32496.4	35944
528	192.7557442	200.7894651	35990	37490
530	214.001187	209.0716958	39956.8	39036.4
532	234.991693	217.3603535	43876	40584
534	251.316214	225.4154977	46924	42088
536	266.4624558	233.4706419	49752	43592
538	276.9598512	241.5043628	51712	45092
540	285.1221116	249.5380837	53236	46592
542	285.4220372	257.8717302	53292	48148
544	279.0164837	266.2268	52096	49708
546	267.0837302	274.5818698	49868	51268
548	249.9022791	281.1588093	46660	52496
550	230.385693	286.0647349	43016	53412
552	212.4929898	289.6424186	39675.2	54080
554	197.1753619	291.9989767	36815.2	54520
556	184.6513265	292.106093	34476.8	54540
558	179.1841116	290.092307	33456	54164
560	174.6702316	288.0785209	32613.2	53788
562	174.7066512	279.9805302	32620	52276
564	181.6456437	270.8542233	33915.6	50572
566	195.4615014	261.5136837	36495.2	48828
568	215.1537581	251.4447535	40172	46948
570	238.3122977	241.3972465	44496	45072
572	263.3560837	232.1209767	49172	43340
574	285.5077302	223.4231349	53308	41716
576	297.461907	214.725293	55540	40092
578	293.112986	206.0253088	54728	38467.6
580	268.3477023	198.2722326	50104	37020
582	231.9281674	191.0761609	43304	35676.4
584	185.523253	183.8800893	34639.6	34332.8
586	142.4667935	175.9470577	26600.4	32851.6
588	105.8480223	166.4329898	19763.2	31075.2
590	77.12800558	151.7002167	14400.8	28324.4
592	56.06680279	136.4125814	10468.4	25470
594	41.12622419	120.9064288	7678.8	22574.8
596	30.44030419	106.0451163	5683.6	19800
598	24.12472837	91.36161674	4504.4	17058.4
600	17.13860465	78.60835256	3200	14677.2
602	14.26788837	72.95904	2664	13622.4
604	11.39717209	67.30972744	2128	12567.6
606	9.582622326	61.66255721	1789.2	11513.2
608	8.82423907	56.11607628	1647.6	10477.6
610	8.065855814	50.57816465	1506	9443.6
612	7.307472558	46.01286884	1364.4	8591.2
614	6.549089302	41.57182791	1222.8	7762
616	5.944953488	39.33738233	1110	7344.8
618	5.495065116	37.10079442	1026	6927.2
620	5.045176744	34.86420651	942	6509.6
622	4.595288372	33.16962698	858	6193.2
624	4.1454	31.63572186	774	5906.8
626	3.789773953	30.09967442	707.6	5620
628	3.528410233	28.74358233	658.8	5366.8
630	3.267046512	27.57601488	610	5148.8
632	3.005682791	26.40844744	561.2	4930.8
634	2.74431907	25.33728465	512.4	4730.8
636	2.564363721	24.64959814	478.8	4602.4
638	2.465816744	23.9597693	460.4	4473.6
640	2.367269767	23.27208279	442	4345.2
642	2.268722791	22.58439628	423.6	4216.8
644	2.170175814	21.89670977	405.2	4088.4
646	2.090909767	21.23623079	390.4	3965.08
648	2.030924651	20.66058791	379.2	3857.6
650	1.970939535	20.08494502	368	3750.12
652	1.910954419	19.50930214	356.8	3642.64
654	1.850969302	18.93365926	345.6	3535.16
656	1.795268837	18.35801637	335.2	3427.68
658	1.743853023	17.78237349	325.6	3320.2
660	1.71171814	17.28085507	319.6	3226.56
662	1.681725581	16.81875544	314	3140.28
664	1.651733023	16.35644158	308.4	3053.96
666	1.621740465	15.89434195	302.8	2967.68
668	1.596032558	15.43224233	298	2881.4
670	1.574609302	14.9701427	294	2795.12
672	1.553186047	14.50804307	290	2708.84
674	1.529620465	14.07315098	285.6	2627.64
676	1.510339535	13.68089116	282	2554.4
678	1.495343256	13.28863135	279.2	2481.16
680	1.486773953	12.89637153	277.6	2407.92
682	1.478204651	12.50411172	276	2334.68
684	1.469635349	12.11206614	274.4	2261.48
686	1.461066047	11.71980633	272.8	2188.24
688	1.469635349	11.32754651	274.4	2115
690	1.478204651	10.989916	276	2051.96
692	1.486773953	10.7141987	277.6	2000.48
694	1.495343256	10.43869563	279.2	1949.04
696	1.510339535	10.16297833	282	1897.56
698	1.531762791	9.887261023	286	1846.08
700	1.553186047	9.60982986	290	1794.28
702	1.574609302	9.324472093	294	1741
704	1.596032558	9.039328558	298	1687.76
706	1.621740465	8.753970791	302.8	1634.48
708	1.651733023	8.481038512	308.4	1583.52
710	1.681725581	8.250524279	314	1540.48
712	1.71171814	8.019795814	319.6	1497.4
714	1.741710698	7.789281581	325.2	1454.36
716	1.778130233	7.558767349	332	1411.32
718	1.820976744	7.328253116	340	1368.28
720	1.863823256	7.101166605	348	1325.88
722	1.906669767	6.88307786	356	1285.16
724	1.949516279	6.664989116	364	1244.44
726	1.994505116	6.44668614	372.4	1203.68
728	2.041636279	6.174182326	381.2	1152.8
730	2.088767442	5.90317814	390	1102.2
732	2.135898605	5.90317814	398.8	1102.2
734	2.183029767	5.90317814	407.6	1102.2
736	2.243014884	5.900821581	418.8	1101.76
738	2.315853953	5.89396614	432.4	1100.48
740	2.388693023	5.976445674	446	1115.88
742	2.461532093	6.221527721	459.6	1161.64
744	2.534371163	6.466609767	473.2	1207.4
746	2.611494884	6.780674698	487.6	1266.04
748	2.692903256	7.140585395	502.8	1333.24
750	2.774311628	7.526204	518	1405.24
752	2.85572	8.115772	533.2	1515.32
754	2.937128372	8.257379721	548.4	1541.76
756	3.009967442	8.357640558	562	1560.48
758	3.074237209	8.357640558	574	1560.48
760	3.138506977	8.293585023	586	1548.52
762	3.202776744	8.078924	598	1508.44
764	3.267046512	7.817131814	610	1459.56
766	3.33560093	7.554482698	622.8	1410.52
768	3.40844	7.290976651	636.4	1361.32
770	3.48127907	7.026185209	650	1311.88
772	3.55411814	6.761393767	663.6	1262.44
774	3.626957209	6.496602326	677.2	1213
776	3.691226977	6.231810884	689.2	1163.56
778	3.746927442	5.970661395	699.6	1114.8
780	3.802627907	5.759856558	710	1075.44
782	3.858328372	5.549051721	720.4	1036.08
784	3.914028837	5.338246884	730.8	996.72
786	3.963302326	5.127442047	740	957.36
788	4.006148837	4.936989302	748	921.8
790	4.048995349	4.77095907	756	890.8
792	4.09184186	4.604928837	764	859.8
794	4.134688372	4.438898605	772	828.8
796	4.211812093	4.300504372	786.4	802.96
798	4.323213023	4.190174605	807.2	782.36
800	4.370344186	4.079630605	816	761.72
802	4.434613953	3.983868651	828	743.84
804	4.477460465	3.947663349	836	737.08
806	4.520306977	3.911243814	844	730.28
808	4.584576744	3.875038512	856	723.52
810	4.627423256	3.84054707	864	717.08
812	4.670269767	3.812482605	872	711.84
814	4.713116279	3.78441814	880	706.6
816	4.75167814	3.756139442	887.2	701.32
818	4.82880186	3.728074977	901.6	696.08
820	4.905925581	3.715649488	916	693.76
822	4.983049302	3.714792558	930.4	693.6
824	5.060173023	3.71414986	944.8	693.48
826	5.122300465	3.71329293	956.4	693.32
828	5.169431628	3.712650233	965.2	693.2
830	5.216562791	3.711793302	974	693.04
832	5.263693953	3.711150605	982.8	692.92
834	5.310825116	3.710293674	991.6	692.76
836	5.36224093	3.709650977	1001.2	692.64
838	5.417941395	3.708794047	1011.6	692.48
840	5.47364186	3.708151349	1022	692.36
842	5.529342326	3.707294419	1032.4	692.2
844	5.585042791	3.706009023	1042.8	691.96
846	5.623604651	3.70493786	1050	691.76
848	5.645027907	3.703652465	1054	691.52
850	5.666451163	3.702581302	1058	691.32
852	5.687874419	3.701295907	1062	691.08
854	5.709297674	3.700224744	1066	690.88
856	5.745717209	3.698939349	1072.8	690.64
858	5.797133023	3.708579814	1082.4	692.44
860	5.848548837	3.718648744	1092	694.32
862	5.899964651	3.728717674	1101.6	696.2
864	5.951380465	3.738572372	1111.2	698.04
866	5.989942326	3.748641302	1118.4	699.92
868	6.015650233	3.758710233	1123.2	701.8
870	6.04135814	3.780347721	1128	705.84
872	6.067066047	3.802413674	1132.8	709.96
874	6.092773953	3.824479628	1137.6	714.08
876	6.120624186	3.846545581	1142.8	718.2
878	6.150616744	3.868611535	1148.4	722.32
880	6.180609302	3.890677488	1154	726.44
882	6.21060186	3.908887256	1159.6	729.84
884	6.240594419	3.926882791	1165.2	733.2
886	6.266302326	3.945092558	1170	736.6
888	6.287725581	3.963088093	1174	739.96
890	6.309148837	3.982583256	1178	743.6
892	6.330572093	4.002078419	1182	747.24
894	6.351995349	4.021573581	1186	750.88
896	6.373418605	4.041068744	1190	754.52
898	6.39484186	4.060563907	1194	758.16
900	6.416265116	4.080273302	1198	761.84
902	6.437688372	4.097411907	1202	765.04
904	6.459111628	4.11026586	1206	767.44
906	6.476250233	4.122905581	1209.2	769.8
908	6.489104186	4.135545302	1211.6	772.16
910	6.50195814	4.148399256	1214	774.56
912	6.514812093	4.161038977	1216.4	776.92
914	6.527666047	4.168965581	1218.8	778.4
916	6.538377674	4.167037488	1220.8	778.04
918	6.546946977	4.165323628	1222.4	777.72
920	6.555516279	4.163395535	1224	777.36
922	6.564085581	4.161681674	1225.6	777.04
924	6.572654884	4.159539349	1227.2	776.64
926	6.570512558	4.136616465	1226.8	772.36
928	6.557658605	4.113693581	1224.4	768.08
930	6.544804651	4.09098493	1222	763.84
932	6.531950698	4.029071721	1219.6	752.28
934	6.519096744	3.95023414	1217.2	737.56
936	6.510527442	3.871610791	1215.6	722.88
938	6.506242791	3.792773209	1214.8	708.16
940	6.50195814	3.713935628	1214	693.44
942	6.497673488	3.635098047	1213.2	678.72
944	6.493388837	3.537622233	1212.4	660.52
946	6.482677209	3.433505209	1210.4	641.08
948	6.465538605	3.329388186	1207.2	621.64
950	6.4484	3.225485395	1204	602.24
952	6.431261395	3.12458186	1200.8	583.4
954	6.414122791	3.047029674	1197.6	568.92
956	6.39484186	2.969691721	1194	554.48
958	6.373418605	2.892353767	1190	540.04
960	6.351995349	2.814801581	1186	525.56
962	6.330572093	2.737463628	1182	511.12
964	6.309148837	2.653056	1178	495.36
966	6.28344093	2.53501386	1173.2	473.32
968	6.253448372	2.417185953	1167.6	451.32
970	6.223455814	2.299358047	1162	429.32
972	6.193463256	2.224162419	1156.4	415.28
974	6.163470698	2.154536837	1150.8	402.28
976	6.127051163	2.084954102	1144	389
978	6.084204651	2.008130307	1136	375
980	6.04135814	1.926250623	1128	360
982	5.998511628	1.844392363	1120	344
984	5.955665116	1.762512679	1112	329
986	5.904249302	1.680632995	1102.4	314
988	5.844264186	1.598753312	1091.2	299
990	5.78427907	1.516873628	1080	283.22
992	5.724293953	1.434993944	1068.8	268
994	5.664308837	1.353135684	1057.6	253
996	5.604323721	1.271256	1046.4	237.36
998	5.544338605	1.189376316	1035.2	222
1000	5.484353488	1.107496633	1024	207
